1.
    total bytes = 256 * 2 500 000
    sectors = 156,250
    tracks = 2,481
    surfaces = 28
    disks = 7

2.
    i)
        183, 56, 18, 140, 152, 86, 12, 89, 48, 144, 133

    ii)
        86, 89, 56, 48, 18, 12, 133, 140, 144, 152, 183

    iii)
       86, 56, 48, 18, 12, 89, 133, 140, 144, 152, 183

    iv)
        86, 56, 48, 18, 12, 183, 152, 144, 140, 133, 89

    b)
        FCFS = 68.9090909090909
        SSF = 23.09090909090909
        Elevator = 22.54545454545454
        C-SCAN = 31.09090909090909